W 50 90 0 0 0 0 0 0 0 0 0 1.3449
B 50 90 0 0 0 0 0 0 0 0 0 1.1509
H 50 90 0 0 0 0 0 0 0 0 0 1.0835
A 50 90 0 0 0 0 0 0 0 0 0 1.6656
W 50 90 0 0 0 0 0 1 0 0 0 2.2476
B 50 90 0 0 0 0 0 1 0 0 0 1.9412
H 50 90 0 0 0 0 0 1 0 0 0 1.8008
A 50 90 0 0 0 0 0 1 0 0 0 2.7551
W 50 90 0 0 0 0 0 2 0 0 0 3.5142
B 50 90 0 0 0 0 0 2 0 0 0 3.0991
H 50 90 0 0 0 0 0 2 0 0 0 2.7697
A 50 90 0 0 0 0 0 2 0 0 0 4.2270
W 50 90 0 0 0 0 1 0 0 0 0 1.5254
B 50 90 0 0 0 0 1 0 0 0 0 1.2810
H 50 90 0 0 0 0 1 0 0 0 0 1.2515
A 50 90 0 0 0 0 1 0 0 0 0 1.9107
W 50 90 0 0 0 1 0 0 0 0 0 1.8175
B 50 90 0 0 0 1 0 0 0 0 0 1.5834
H 50 90 0 0 0 1 0 0 0 0 0 1.4430
A 50 90 0 0 0 1 0 0 0 0 0 2.2130
W 50 90 0 0 0 1 1 0 0 0 0 1.9969
B 50 90 0 0 0 1 1 0 0 0 0 1.7127
H 50 90 0 0 0 1 1 0 0 0 0 1.6103
A 50 90 0 0 0 1 1 0 0 0 0 2.4566
W 50 90 1 0 0 0 0 0 0 0 0 3.3603
B 50 90 1 0 0 0 0 0 0 0 0 2.7415
H 50 90 1 0 0 0 0 0 0 0 0 2.8105
A 50 90 1 0 0 0 0 0 0 0 0 4.4114
W 50 90 2 0 0 0 0 0 0 0 0 2.2235
B 50 90 2 0 0 0 0 0 0 0 0 1.9042
H 50 90 2 0 0 0 0 0 0 0 0 1.8025
A 50 90 2 0 0 0 0 0 0 0 0 2.7120
W 50 90 3 0 0 0 0 0 0 0 0 2.2082
B 50 90 3 0 0 0 0 0 0 0 0 1.9207
H 50 90 3 0 0 0 0 0 0 0 0 1.7312
A 50 90 3 0 0 0 0 0 0 0 0 2.8064
W 50 90 0 0 0 0 0 0 0 0 1 1.6549
B 50 90 0 0 0 0 0 0 0 0 1 1.4264
H 50 90 0 0 0 0 0 0 0 0 1 1.3222
A 50 90 0 0 0 0 0 0 0 0 1 2.0515
W 50 90 0 0 0 0 0 0 0 0 2 2.0637
B 50 90 0 0 0 0 0 0 0 0 2 1.7884
H 50 90 0 0 0 0 0 0 0 0 2 1.6379
A 50 90 0 0 0 0 0 0 0 0 2 2.5650
W 50 90 0 0 0 0 0 0 0 1 0 1.7372
B 50 90 0 0 0 0 0 0 0 1 0 1.5347
H 50 90 0 0 0 0 0 0 0 1 0 1.3728
A 50 90 0 0 0 0 0 0 0 1 0 2.0377
W 50 90 0 1 1 0 0 0 0 0 0 1.2294
B 50 90 0 1 1 0 0 0 0 0 0 1.0378
H 50 90 0 1 1 0 0 0 0 0 0 0.9984
A 50 90 0 1 1 0 0 0 0 0 0 1.5562
W 50 90 0 1 2 0 0 0 0 0 0 1.3562
B 50 90 0 1 2 0 0 0 0 0 0 1.1620
H 50 90 0 1 2 0 0 0 0 0 0 1.0918
A 50 90 0 1 2 0 0 0 0 0 0 1.6764
W 50 90 0 1 3 0 0 0 0 0 0 1.5214
B 50 90 0 1 3 0 0 0 0 0 0 1.3236
H 50 90 0 1 3 0 0 0 0 0 0 1.2136
A 50 90 0 1 3 0 0 0 0 0 0 1.8330
W 50 90 0 2 1 0 0 0 0 0 0 1.4247
B 50 90 0 2 1 0 0 0 0 0 0 1.2290
H 50 90 0 2 1 0 0 0 0 0 0 1.1423
A 50 90 0 2 1 0 0 0 0 0 0 1.7413
W 50 90 0 2 2 0 0 0 0 0 0 1.6104
B 50 90 0 2 2 0 0 0 0 0 0 1.4107
H 50 90 0 2 2 0 0 0 0 0 0 1.2793
A 50 90 0 2 2 0 0 0 0 0 0 1.9175
W 50 90 0 2 3 0 0 0 0 0 0 1.8519
B 50 90 0 2 3 0 0 0 0 0 0 1.6469
H 50 90 0 2 3 0 0 0 0 0 0 1.4575
A 50 90 0 2 3 0 0 0 0 0 0 2.1467
W 50 90 0 3 1 0 0 0 0 0 0 1.2793
B 50 90 0 3 1 0 0 0 0 0 0 1.0867
H 50 90 0 3 1 0 0 0 0 0 0 1.0351
A 50 90 0 3 1 0 0 0 0 0 0 1.6034
W 50 90 0 3 2 0 0 0 0 0 0 1.4212
B 50 90 0 3 2 0 0 0 0 0 0 1.2255
H 50 90 0 3 2 0 0 0 0 0 0 1.1397
A 50 90 0 3 2 0 0 0 0 0 0 1.7380
W 50 90 0 3 3 0 0 0 0 0 0 1.6059
B 50 90 0 3 3 0 0 0 0 0 0 1.4062
H 50 90 0 3 3 0 0 0 0 0 0 1.2759
A 50 90 0 3 3 0 0 0 0 0 0 1.9131
W 50 90 0 0 0 0 0 0 1 0 0 1.4165
B 50 90 0 0 0 0 0 0 1 0 0 1.2025
H 50 90 0 0 0 0 0 0 1 0 0 1.1501
A 50 90 0 0 0 0 0 0 1 0 0 1.7629
W 50 90 0 0 0 0 0 0 2 0 0 1.5029
B 50 90 0 0 0 0 0 0 2 0 0 1.2648
H 50 90 0 0 0 0 0 0 2 0 0 1.2306
A 50 90 0 0 0 0 0 0 2 0 0 1.8802
W 50 90 0 0 0 0 0 0 3 0 0 1.6070
B 50 90 0 0 0 0 0 0 3 0 0 1.3399
H 50 90 0 0 0 0 0 0 3 0 0 1.3275
A 50 90 0 0 0 0 0 0 3 0 0 2.0215
W 50 90 3 3 3 1 1 2 3 1 2 22.9693
B 50 90 3 3 3 1 1 2 3 1 2 21.0520
H 50 90 3 3 3 1 1 2 3 1 2 18.3364
A 50 90 3 3 3 1 1 2 3 1 2 26.3561