W 0 0 0 0 0 0 0 0 0 50 80 0.0102
W 0 0 0 0 0 0 0 0 0 55 75 0.0074
W 0 0 0 0 0 0 0 0 0 55 85 0.0121
W 0 0 0 0 0 0 0 0 0 60 80 0.0093
W 0 0 0 0 0 0 0 0 0 60 90 0.0128
W 0 0 0 0 0 0 0 0 0 65 85 0.0107
W 2 3 3 1 1 2 3 1 2 50 60 0.0271
W 2 3 3 1 1 2 3 1 2 55 65 0.0459
W 2 3 3 1 1 2 3 1 2 60 70 0.0714
W 2 3 3 1 1 2 3 1 2 65 75 0.0997
W 2 3 3 1 1 2 3 1 2 70 80 0.1255
W 2 3 3 1 1 2 3 1 2 75 85 0.1436
W 2 3 3 1 1 2 3 1 2 50 70 0.0914
W 2 3 3 1 1 2 3 1 2 50 80 0.1769
W 2 3 3 1 1 2 3 1 2 55 75 0.1298
W 2 3 3 1 1 2 3 1 2 55 85 0.2086
W 2 3 3 1 1 2 3 1 2 60 80 0.1665
W 2 3 3 1 1 2 3 1 2 60 90 0.2234
W 2 3 3 1 1 2 3 1 2 65 85 0.1935
W 1 0 1 1 1 0 2 1 1 50 60 0.0106
W 1 0 1 1 1 0 2 1 1 55 65 0.0175
W 1 0 1 1 1 0 2 1 1 60 70 0.0264
W 1 0 1 1 1 0 2 1 1 65 75 0.0351
W 1 0 1 1 1 0 2 1 1 70 80 0.0419
W 1 0 1 1 1 0 2 1 1 75 85 0.0461
W 1 0 1 1 1 0 2 1 1 50 70 0.0348
W 1 0 1 1 1 0 2 1 1 50 80 0.0654
W 1 0 1 1 1 0 2 1 1 55 75 0.0479
W 1 0 1 1 1 0 2 1 1 55 85 0.0762
W 1 0 1 1 1 0 2 1 1 60 80 0.0598
W 1 0 1 1 1 0 2 1 1 60 90 0.0805
W 1 0 1 1 1 0 2 1 1 65 85 0.0678
W 1 0 0 0 0 1 3 0 2 50 60 0.0124
W 1 0 0 0 0 1 3 0 2 55 65 0.0203
W 1 0 0 0 0 1 3 0 2 60 70 0.0303
W 1 0 0 0 0 1 3 0 2 65 75 0.0396
W 1 0 0 0 0 1 3 0 2 70 80 0.0461
W 1 0 0 0 0 1 3 0 2 75 85 0.0495
W 1 0 0 0 0 1 3 0 2 50 70 0.0401
W 1 0 0 0 0 1 3 0 2 50 80 0.0735
W 1 0 0 0 0 1 3 0 2 55 75 0.0545
W 1 0 0 0 0 1 3 0 2 55 85 0.0847
W 1 0 0 0 0 1 3 0 2 60 80 0.0669
W 1 0 0 0 0 1 3 0 2 60 90 0.0884
W 1 0 0 0 0 1 3 0 2 65 85 0.0745
W 1 2 2 0 1 0 0 0 0 50 60 0.0057
W 1 2 2 0 1 0 0 0 0 55 65 0.0093
W 1 2 2 0 1 0 0 0 0 60 70 0.0139
W 1 2 2 0 1 0 0 0 0 65 75 0.0182
W 1 2 2 0 1 0 0 0 0 70 80 0.0212
W 1 2 2 0 1 0 0 0 0 75 85 0.0229
W 1 2 2 0 1 0 0 0 0 50 70 0.0185
W 1 2 2 0 1 0 0 0 0 50 80 0.0343
W 1 2 2 0 1 0 0 0 0 55 75 0.0252
W 1 2 2 0 1 0 0 0 0 55 85 0.0397
W 1 2 2 0 1 0 0 0 0 60 80 0.0310
W 1 2 2 0 1 0 0 0 0 60 90 0.0415
W 1 2 2 0 1 0 0 0 0 65 85 0.0347
W 1 0 1 0 1 0 2 1 1 50 60 0.0087
W 1 0 1 0 1 0 2 1 1 55 65 0.0141
W 1 0 1 0 1 0 2 1 1 60 70 0.0211
W 1 0 1 0 1 0 2 1 1 65 75 0.0278
W 1 0 1 0 1 0 2 1 1 70 80 0.0328
W 1 0 1 0 1 0 2 1 1 75 85 0.0356
W 1 0 1 0 1 0 2 1 1 50 70 0.0281
W 1 0 1 0 1 0 2 1 1 50 80 0.0522
W 1 0 1 0 1 0 2 1 1 55 75 0.0384
W 1 0 1 0 1 0 2 1 1 55 85 0.0605
W 1 0 1 0 1 0 2 1 1 60 80 0.0474
W 1 0 1 0 1 0 2 1 1 60 90 0.0636
W 1 0 1 0 1 0 2 1 1 65 85 0.0533
W 1 0 0 0 1 1 1 1 2 50 60 0.0140
W 1 0 0 0 1 1 1 1 2 55 65 0.0231
W 1 0 0 0 1 1 1 1 2 60 70 0.0348
W 1 0 0 0 1 1 1 1 2 65 75 0.0461
W 1 0 0 0 1 1 1 1 2 70 80 0.0546
W 1 0 0 0 1 1 1 1 2 75 85 0.0595
W 1 0 0 0 1 1 1 1 2 50 70 0.0458
W 1 0 0 0 1 1 1 1 2 50 80 0.0851
W 1 0 0 0 1 1 1 1 2 55 75 0.0628
W 1 0 0 0 1 1 1 1 2 55 85 0.0987
W 1 0 0 0 1 1 1 1 2 60 80 0.0779
W 1 0 0 0 1 1 1 1 2 60 90 0.1037
W 1 0 0 0 1 1 1 1 2 65 85 0.0876
W 1 3 3 0 1 0 3 1 1 50 60 0.0099
W 1 3 3 0 1 0 3 1 1 55 65 0.0161
W 1 3 3 0 1 0 3 1 1 60 70 0.0239
W 1 3 3 0 1 0 3 1 1 65 75 0.0315
W 1 3 3 0 1 0 3 1 1 70 80 0.0370
W 1 3 3 0 1 0 3 1 1 75 85 0.0402
W 1 3 3 0 1 0 3 1 1 50 70 0.0319
W 1 3 3 0 1 0 3 1 1 50 80 0.0590
W 1 3 3 0 1 0 3 1 1 55 75 0.0434
W 1 3 3 0 1 0 3 1 1 55 85 0.0682
W 1 3 3 0 1 0 3 1 1 60 80 0.0535
W 1 3 3 0 1 0 3 1 1 60 90 0.0716
W 1 3 3 0 1 0 3 1 1 65 85 0.0601
W 1 2 2 0 0 0 0 0 0 50 60 0.0047
W 1 2 2 0 0 0 0 0 0 55 65 0.0077
W 1 2 2 0 0 0 0 0 0 60 70 0.0116
W 1 2 2 0 0 0 0 0 0 65 75 0.0153
W 1 2 2 0 0 0 0 0 0 70 80 0.0181
W 1 2 2 0 0 0 0 0 0 75 85 0.0197
W 1 2 2 0 0 0 0 0 0 50 70 0.0153
W 1 2 2 0 0 0 0 0 0 50 80 0.0288
W 1 2 2 0 0 0 0 0 0 55 75 0.0211
W 1 2 2 0 0 0 0 0 0 55 85 0.0336
W 1 2 2 0 0 0 0 0 0 60 80 0.0262
W 1 2 2 0 0 0 0 0 0 60 90 0.0354
W 1 2 2 0 0 0 0 0 0 65 85 0.0296
W 1 0 1 0 0 0 2 1 1 50 60 0.0071
W 1 0 1 0 0 0 2 1 1 55 65 0.0117
W 1 0 1 0 0 0 2 1 1 60 70 0.0178
W 1 0 1 0 0 0 2 1 1 65 75 0.0237
W 1 0 1 0 0 0 2 1 1 70 80 0.0283
W 1 0 1 0 0 0 2 1 1 75 85 0.0311
W 1 0 1 0 0 0 2 1 1 50 70 0.0234
W 1 0 1 0 0 0 2 1 1 50 80 0.0444
W 1 0 1 0 0 0 2 1 1 55 75 0.0324
W 1 0 1 0 0 0 2 1 1 55 85 0.0519
W 1 0 1 0 0 0 2 1 1 60 80 0.0405
W 1 0 1 0 0 0 2 1 1 60 90 0.0548
W 1 0 1 0 0 0 2 1 1 65 85 0.0460
W 1 0 0 0 0 1 1 1 2 50 60 0.0121
W 1 0 0 0 0 1 1 1 2 55 65 0.0202
W 1 0 0 0 0 1 1 1 2 60 70 0.0307
W 1 0 0 0 0 1 1 1 2 65 75 0.0410
W 1 0 0 0 0 1 1 1 2 70 80 0.0492
W 1 0 0 0 0 1 1 1 2 75 85 0.0540
W 1 0 0 0 0 1 1 1 2 50 70 0.0401
W 1 0 0 0 0 1 1 1 2 50 80 0.0758
W 1 0 0 0 0 1 1 1 2 55 75 0.0557
W 1 0 0 0 0 1 1 1 2 55 85 0.0885
W 1 0 0 0 0 1 1 1 2 60 80 0.0697
W 1 0 0 0 0 1 1 1 2 60 90 0.0935
W 1 0 0 0 0 1 1 1 2 65 85 0.0790
W 1 3 3 0 0 0 3 1 1 50 60 0.0080
W 1 3 3 0 0 0 3 1 1 55 65 0.0132
W 1 3 3 0 0 0 3 1 1 60 70 0.0199
W 1 3 3 0 0 0 3 1 1 65 75 0.0265
W 1 3 3 0 0 0 3 1 1 70 80 0.0316
W 1 3 3 0 0 0 3 1 1 75 85 0.0347
W 1 3 3 0 0 0 3 1 1 50 70 0.0263
W 1 3 3 0 0 0 3 1 1 50 80 0.0496
W 1 3 3 0 0 0 3 1 1 55 75 0.0362
W 1 3 3 0 0 0 3 1 1 55 85 0.0579
W 1 3 3 0 0 0 3 1 1 60 80 0.0453
W 1 3 3 0 0 0 3 1 1 60 90 0.0612
W 1 3 3 0 0 0 3 1 1 65 85 0.0513
W 0 3 3 1 1 2 3 1 2 50 60 0.0162
W 0 3 3 1 1 2 3 1 2 55 65 0.0277
W 0 3 3 1 1 2 3 1 2 60 70 0.0432
W 0 3 3 1 1 2 3 1 2 65 75 0.0605
W 0 3 3 1 1 2 3 1 2 70 80 0.0765
W 0 3 3 1 1 2 3 1 2 75 85 0.0878
W 0 3 3 1 1 2 3 1 2 50 70 0.0556
W 0 3 3 1 1 2 3 1 2 50 80 0.1101
W 0 3 3 1 1 2 3 1 2 55 75 0.0796
W 0 3 3 1 1 2 3 1 2 55 85 0.1313
W 0 3 3 1 1 2 3 1 2 60 80 0.1031
W 0 3 3 1 1 2 3 1 2 60 90 0.1416
W 0 3 3 1 1 2 3 1 2 65 85 0.1208
W 0 0 1 1 1 0 2 1 1 50 60 0.0044
W 0 0 1 1 1 0 2 1 1 55 65 0.0074
W 0 0 1 1 1 0 2 1 1 60 70 0.0114
W 0 0 1 1 1 0 2 1 1 65 75 0.0158
W 0 0 1 1 1 0 2 1 1 70 80 0.0197
W 0 0 1 1 1 0 2 1 1 75 85 0.0224
W 0 0 1 1 1 0 2 1 1 50 70 0.0149
W 0 0 1 1 1 0 2 1 1 50 80 0.0296
W 0 0 1 1 1 0 2 1 1 55 75 0.0212
W 0 0 1 1 1 0 2 1 1 55 85 0.0355
W 0 0 1 1 1 0 2 1 1 60 80 0.0274
W 0 0 1 1 1 0 2 1 1 60 90 0.0382
W 0 0 1 1 1 0 2 1 1 65 85 0.0320
W 0 0 0 0 0 1 3 0 2 50 60 0.0046
W 0 0 0 0 0 1 3 0 2 55 65 0.0076
W 0 0 0 0 0 1 3 0 2 60 70 0.0116
W 0 0 0 0 0 1 3 0 2 65 75 0.0157
W 0 0 0 0 0 1 3 0 2 70 80 0.0189
W 0 0 0 0 0 1 3 0 2 75 85 0.0209
W 0 0 0 0 0 1 3 0 2 50 70 0.0153
W 0 0 0 0 0 1 3 0 2 50 80 0.0294
W 0 0 0 0 0 1 3 0 2 55 75 0.0214
W 0 0 0 0 0 1 3 0 2 55 85 0.0347
W 0 0 0 0 0 1 3 0 2 60 80 0.0270
W 0 0 0 0 0 1 3 0 2 60 90 0.0369
W 0 0 0 0 0 1 3 0 2 65 85 0.0309
W 0 2 2 0 1 0 0 0 0 50 60 0.0021
W 0 2 2 0 1 0 0 0 0 55 65 0.0035
W 0 2 2 0 1 0 0 0 0 60 70 0.0053
W 0 2 2 0 1 0 0 0 0 65 75 0.0072
W 0 2 2 0 1 0 0 0 0 70 80 0.0087
W 0 2 2 0 1 0 0 0 0 75 85 0.0097
W 0 2 2 0 1 0 0 0 0 50 70 0.0070
W 0 2 2 0 1 0 0 0 0 50 80 0.0136
W 0 2 2 0 1 0 0 0 0 55 75 0.0098
W 0 2 2 0 1 0 0 0 0 55 85 0.0160
W 0 2 2 0 1 0 0 0 0 60 80 0.0124
W 0 2 2 0 1 0 0 0 0 60 90 0.0171
W 0 2 2 0 1 0 0 0 0 65 85 0.0143
W 0 0 1 0 1 0 2 1 1 50 60 0.0033
W 0 0 1 0 1 0 2 1 1 55 65 0.0055
W 0 0 1 0 1 0 2 1 1 60 70 0.0085
W 0 0 1 0 1 0 2 1 1 65 75 0.0116
W 0 0 1 0 1 0 2 1 1 70 80 0.0143
W 0 0 1 0 1 0 2 1 1 75 85 0.0161
W 0 0 1 0 1 0 2 1 1 50 70 0.0112
W 0 0 1 0 1 0 2 1 1 50 80 0.0219
W 0 0 1 0 1 0 2 1 1 55 75 0.0158
W 0 0 1 0 1 0 2 1 1 55 85 0.0261
W 0 0 1 0 1 0 2 1 1 60 80 0.0201
W 0 0 1 0 1 0 2 1 1 60 90 0.0279
W 0 0 1 0 1 0 2 1 1 65 85 0.0233
W 0 0 0 0 1 1 1 1 2 50 60 0.0056
W 0 0 0 0 1 1 1 1 2 55 65 0.0095
W 0 0 0 0 1 1 1 1 2 60 70 0.0146
W 0 0 0 0 1 1 1 1 2 65 75 0.0201
W 0 0 0 0 1 1 1 1 2 70 80 0.0248
W 0 0 0 0 1 1 1 1 2 75 85 0.0279
W 0 0 0 0 1 1 1 1 2 50 70 0.0191
W 0 0 0 0 1 1 1 1 2 50 80 0.0376
W 0 0 0 0 1 1 1 1 2 55 75 0.0271
W 0 0 0 0 1 1 1 1 2 55 85 0.0447
W 0 0 0 0 1 1 1 1 2 60 80 0.0347
W 0 0 0 0 1 1 1 1 2 60 90 0.0479
W 0 0 0 0 1 1 1 1 2 65 85 0.0402
W 0 3 3 0 1 0 3 1 1 50 60 0.0038
W 0 3 3 0 1 0 3 1 1 55 65 0.0063
W 0 3 3 0 1 0 3 1 1 60 70 0.0096
W 0 3 3 0 1 0 3 1 1 65 75 0.0131
W 0 3 3 0 1 0 3 1 1 70 80 0.0161
W 0 3 3 0 1 0 3 1 1 75 85 0.0181
W 0 3 3 0 1 0 3 1 1 50 70 0.0126
W 0 3 3 0 1 0 3 1 1 50 80 0.0247
W 0 3 3 0 1 0 3 1 1 55 75 0.0178
W 0 3 3 0 1 0 3 1 1 55 85 0.0294
W 0 3 3 0 1 0 3 1 1 60 80 0.0227
W 0 3 3 0 1 0 3 1 1 60 90 0.0315
W 0 3 3 0 1 0 3 1 1 65 85 0.0263
W 0 2 2 0 0 0 0 0 0 50 60 0.0018
W 0 2 2 0 0 0 0 0 0 55 65 0.0030
W 0 2 2 0 0 0 0 0 0 60 70 0.0047
W 0 2 2 0 0 0 0 0 0 65 75 0.0064
W 0 2 2 0 0 0 0 0 0 70 80 0.0079
W 0 2 2 0 0 0 0 0 0 75 85 0.0089
W 0 2 2 0 0 0 0 0 0 50 70 0.0061
W 0 2 2 0 0 0 0 0 0 50 80 0.0121
W 0 2 2 0 0 0 0 0 0 55 75 0.0087
W 0 2 2 0 0 0 0 0 0 55 85 0.0144
W 0 2 2 0 0 0 0 0 0 60 80 0.0111
W 0 2 2 0 0 0 0 0 0 60 90 0.0155
W 0 2 2 0 0 0 0 0 0 65 85 0.0129
W 0 0 1 0 0 0 2 1 1 50 60 0.0029
W 0 0 1 0 0 0 2 1 1 55 65 0.0049
W 0 0 1 0 0 0 2 1 1 60 70 0.0076
W 0 0 1 0 0 0 2 1 1 65 75 0.0105
W 0 0 1 0 0 0 2 1 1 70 80 0.0131
W 0 0 1 0 0 0 2 1 1 75 85 0.0149
W 0 0 1 0 0 0 2 1 1 50 70 0.0100
W 0 0 1 0 0 0 2 1 1 50 80 0.0198
W 0 0 1 0 0 0 2 1 1 55 75 0.0142
W 0 0 1 0 0 0 2 1 1 55 85 0.0237
W 0 0 1 0 0 0 2 1 1 60 80 0.0183
W 0 0 1 0 0 0 2 1 1 60 90 0.0256
W 0 0 1 0 0 0 2 1 1 65 85 0.0214
W 0 0 0 0 0 1 1 1 2 50 60 0.0051
W 0 0 0 0 0 1 1 1 2 55 65 0.0087
W 0 0 0 0 0 1 1 1 2 60 70 0.0136
W 0 0 0 0 0 1 1 1 2 65 75 0.0187
W 0 0 0 0 0 1 1 1 2 70 80 0.0233
W 0 0 0 0 0 1 1 1 2 75 85 0.0265
W 0 0 0 0 0 1 1 1 2 50 70 0.0176
W 0 0 0 0 0 1 1 1 2 50 80 0.0350
W 0 0 0 0 0 1 1 1 2 55 75 0.0251
W 0 0 0 0 0 1 1 1 2 55 85 0.0419
W 0 0 0 0 0 1 1 1 2 60 80 0.0324
W 0 0 0 0 0 1 1 1 2 60 90 0.0451
W 0 0 0 0 0 1 1 1 2 65 85 0.0378
W 0 3 3 0 0 0 3 1 1 50 60 0.0033
W 0 3 3 0 0 0 3 1 1 55 65 0.0055
W 0 3 3 0 0 0 3 1 1 60 70 0.0085
W 0 3 3 0 0 0 3 1 1 65 75 0.0118
W 0 3 3 0 0 0 3 1 1 70 80 0.0147
W 0 3 3 0 0 0 3 1 1 75 85 0.0167
W 0 3 3 0 0 0 3 1 1 50 70 0.0111
W 0 3 3 0 0 0 3 1 1 50 80 0.0222
W 0 3 3 0 0 0 3 1 1 55 75 0.0159
W 0 3 3 0 0 0 3 1 1 55 85 0.0265
W 0 3 3 0 0 0 3 1 1 60 80 0.0205
W 0 3 3 0 0 0 3 1 1 60 90 0.0286
W 0 3 3 0 0 0 3 1 1 65 85 0.0239
W 2 0 0 0 0 0 0 0 0 50 60 0.0026
W 2 0 0 0 0 0 0 0 0 55 65 0.0044
W 2 0 0 0 0 0 0 0 0 60 70 0.0066
W 2 0 0 0 0 0 0 0 0 65 75 0.0089
W 2 0 0 0 0 0 0 0 0 70 80 0.0108
W 2 0 0 0 0 0 0 0 0 75 85 0.0120
W 2 0 0 0 0 0 0 0 0 50 70 0.0088
W 2 0 0 0 0 0 0 0 0 50 80 0.0169
W 2 0 0 0 0 0 0 0 0 55 75 0.0122
W 2 0 0 0 0 0 0 0 0 55 85 0.0199
W 2 0 0 0 0 0 0 0 0 60 80 0.0155
W 2 0 0 0 0 0 0 0 0 60 90 0.0212
W 2 0 0 0 0 0 0 0 0 65 85 0.0177
W 2 0 1 1 1 0 2 1 1 50 60 0.0075
W 2 0 1 1 1 0 2 1 1 55 65 0.0125
W 2 0 1 1 1 0 2 1 1 60 70 0.0193
W 2 0 1 1 1 0 2 1 1 65 75 0.0267
W 2 0 1 1 1 0 2 1 1 70 80 0.0332
W 2 0 1 1 1 0 2 1 1 75 85 0.0379
W 2 0 1 1 1 0 2 1 1 50 70 0.0252
W 2 0 1 1 1 0 2 1 1 50 80 0.0498
W 2 0 1 1 1 0 2 1 1 55 75 0.0358
W 2 0 1 1 1 0 2 1 1 55 85 0.0594
W 2 0 1 1 1 0 2 1 1 60 80 0.0461
W 2 0 1 1 1 0 2 1 1 60 90 0.0640
W 2 0 1 1 1 0 2 1 1 65 85 0.0538
W 2 0 0 0 0 1 3 0 2 50 60 0.0075
W 2 0 0 0 0 1 3 0 2 55 65 0.0125
W 2 0 0 0 0 1 3 0 2 60 70 0.0190
W 2 0 0 0 0 1 3 0 2 65 75 0.0256
W 2 0 0 0 0 1 3 0 2 70 80 0.0309
W 2 0 0 0 0 1 3 0 2 75 85 0.0343
W 2 0 0 0 0 1 3 0 2 50 70 0.0250
W 2 0 0 0 0 1 3 0 2 50 80 0.0478
W 2 0 0 0 0 1 3 0 2 55 75 0.0348
W 2 0 0 0 0 1 3 0 2 55 85 0.0562
W 2 0 0 0 0 1 3 0 2 60 80 0.0439
W 2 0 0 0 0 1 3 0 2 60 90 0.0597
W 2 0 0 0 0 1 3 0 2 65 85 0.0501
W 2 2 2 0 1 0 0 0 0 50 60 0.0036
W 2 2 2 0 1 0 0 0 0 55 65 0.0059
W 2 2 2 0 1 0 0 0 0 60 70 0.0090
W 2 2 2 0 1 0 0 0 0 65 75 0.0122
W 2 2 2 0 1 0 0 0 0 70 80 0.0148
W 2 2 2 0 1 0 0 0 0 75 85 0.0165
W 2 2 2 0 1 0 0 0 0 50 70 0.0119
W 2 2 2 0 1 0 0 0 0 50 80 0.0230
W 2 2 2 0 1 0 0 0 0 55 75 0.0166
W 2 2 2 0 1 0 0 0 0 55 85 0.0271
W 2 2 2 0 1 0 0 0 0 60 80 0.0210
W 2 2 2 0 1 0 0 0 0 60 90 0.0289
W 2 2 2 0 1 0 0 0 0 65 85 0.0241
W 2 0 1 0 1 0 2 1 1 50 60 0.0057
W 2 0 1 0 1 0 2 1 1 55 65 0.0095
W 2 0 1 0 1 0 2 1 1 60 70 0.0145
W 2 0 1 0 1 0 2 1 1 65 75 0.0198
W 2 0 1 0 1 0 2 1 1 70 80 0.0244
W 2 0 1 0 1 0 2 1 1 75 85 0.0275
W 2 0 1 0 1 0 2 1 1 50 70 0.0191
W 2 0 1 0 1 0 2 1 1 50 80 0.0372
W 2 0 1 0 1 0 2 1 1 55 75 0.0269
W 2 0 1 0 1 0 2 1 1 55 85 0.0442
W 2 0 1 0 1 0 2 1 1 60 80 0.0342
W 2 0 1 0 1 0 2 1 1 60 90 0.0473
W 2 0 1 0 1 0 2 1 1 65 85 0.0396
W 2 0 0 0 1 1 1 1 2 50 60 0.0094
W 2 0 0 0 1 1 1 1 2 55 65 0.0158
W 2 0 0 0 1 1 1 1 2 60 70 0.0243
W 2 0 0 0 1 1 1 1 2 65 75 0.0333
W 2 0 0 0 1 1 1 1 2 70 80 0.0411
W 2 0 0 0 1 1 1 1 2 75 85 0.0464
W 2 0 0 0 1 1 1 1 2 50 70 0.0317
W 2 0 0 0 1 1 1 1 2 50 80 0.0618
W 2 0 0 0 1 1 1 1 2 55 75 0.0447
W 2 0 0 0 1 1 1 1 2 55 85 0.0733
W 2 0 0 0 1 1 1 1 2 60 80 0.0572
W 2 0 0 0 1 1 1 1 2 60 90 0.0786
W 2 0 0 0 1 1 1 1 2 65 85 0.0662
W 2 3 3 0 1 0 3 1 1 50 60 0.0065
W 2 3 3 0 1 0 3 1 1 55 65 0.0108
W 2 3 3 0 1 0 3 1 1 60 70 0.0165
W 2 3 3 0 1 0 3 1 1 65 75 0.0225
W 2 3 3 0 1 0 3 1 1 70 80 0.0276
W 2 3 3 0 1 0 3 1 1 75 85 0.0311
W 2 3 3 0 1 0 3 1 1 50 70 0.0218
W 2 3 3 0 1 0 3 1 1 50 80 0.0423
W 2 3 3 0 1 0 3 1 1 55 75 0.0305
W 2 3 3 0 1 0 3 1 1 55 85 0.0501
W 2 3 3 0 1 0 3 1 1 60 80 0.0388
W 2 3 3 0 1 0 3 1 1 60 90 0.0536
W 2 3 3 0 1 0 3 1 1 65 85 0.0449
W 2 2 2 0 0 0 0 0 0 50 60 0.0030
W 2 2 2 0 0 0 0 0 0 55 65 0.0051
W 2 2 2 0 0 0 0 0 0 60 70 0.0078
W 2 2 2 0 0 0 0 0 0 65 75 0.0107
W 2 2 2 0 0 0 0 0 0 70 80 0.0132
W 2 2 2 0 0 0 0 0 0 75 85 0.0149
W 2 2 2 0 0 0 0 0 0 50 70 0.0103
W 2 2 2 0 0 0 0 0 0 50 80 0.0202
W 2 2 2 0 0 0 0 0 0 55 75 0.0145
W 2 2 2 0 0 0 0 0 0 55 85 0.0240
W 2 2 2 0 0 0 0 0 0 60 80 0.0186
W 2 2 2 0 0 0 0 0 0 60 90 0.0258
W 2 2 2 0 0 0 0 0 0 65 85 0.0216
W 2 0 1 0 0 0 2 1 1 50 60 0.0050
W 2 0 1 0 0 0 2 1 1 55 65 0.0083
W 2 0 1 0 0 0 2 1 1 60 70 0.0128
W 2 0 1 0 0 0 2 1 1 65 75 0.0177
W 2 0 1 0 0 0 2 1 1 70 80 0.0221
W 2 0 1 0 0 0 2 1 1 75 85 0.0252
W 2 0 1 0 0 0 2 1 1 50 70 0.0168
W 2 0 1 0 0 0 2 1 1 50 80 0.0333
W 2 0 1 0 0 0 2 1 1 55 75 0.0239
W 2 0 1 0 0 0 2 1 1 55 85 0.0398
W 2 0 1 0 0 0 2 1 1 60 80 0.0307
W 2 0 1 0 0 0 2 1 1 60 90 0.0429
W 2 0 1 0 0 0 2 1 1 65 85 0.0359
W 2 0 0 0 0 1 1 1 2 50 60 0.0085
W 2 0 0 0 0 1 1 1 2 55 65 0.0143
W 2 0 0 0 0 1 1 1 2 60 70 0.0222
W 2 0 0 0 0 1 1 1 2 65 75 0.0308
W 2 0 0 0 0 1 1 1 2 70 80 0.0384
W 2 0 0 0 0 1 1 1 2 75 85 0.0436
W 2 0 0 0 0 1 1 1 2 50 70 0.0288
W 2 0 0 0 0 1 1 1 2 50 80 0.0571
W 2 0 0 0 0 1 1 1 2 55 75 0.0411
W 2 0 0 0 0 1 1 1 2 55 85 0.0681
W 2 0 0 0 0 1 1 1 2 60 80 0.0530
W 2 0 0 0 0 1 1 1 2 60 90 0.0734
W 2 0 0 0 0 1 1 1 2 65 85 0.0618
W 2 3 3 0 0 0 3 1 1 50 60 0.0056
W 2 3 3 0 0 0 3 1 1 55 65 0.0094
W 2 3 3 0 0 0 3 1 1 60 70 0.0145
W 2 3 3 0 0 0 3 1 1 65 75 0.0200
W 2 3 3 0 0 0 3 1 1 70 80 0.0249
W 2 3 3 0 0 0 3 1 1 75 85 0.0284
W 2 3 3 0 0 0 3 1 1 50 70 0.0189
W 2 3 3 0 0 0 3 1 1 50 80 0.0375
W 2 3 3 0 0 0 3 1 1 55 75 0.0269
W 2 3 3 0 0 0 3 1 1 55 85 0.0448
W 2 3 3 0 0 0 3 1 1 60 80 0.0346
W 2 3 3 0 0 0 3 1 1 60 90 0.0483
W 2 3 3 0 0 0 3 1 1 65 85 0.0405
W 2 3 3 1 1 2 3 1 2 50 60 0.0271
W 2 3 3 1 1 2 3 1 2 55 65 0.0459
W 2 3 3 1 1 2 3 1 2 60 70 0.0714
W 2 3 3 1 1 2 3 1 2 65 75 0.0997
W 2 3 3 1 1 2 3 1 2 70 80 0.1255
W 2 3 3 1 1 2 3 1 2 75 85 0.1436
W 2 3 3 1 1 2 3 1 2 50 70 0.0914
W 2 3 3 1 1 2 3 1 2 50 80 0.1769
W 2 3 3 1 1 2 3 1 2 55 75 0.1298
W 2 3 3 1 1 2 3 1 2 55 85 0.2086
W 2 3 3 1 1 2 3 1 2 60 80 0.1665
W 2 3 3 1 1 2 3 1 2 60 90 0.2234
W 2 3 3 1 1 2 3 1 2 65 85 0.1935
W 2 0 1 1 1 0 2 1 1 50 60 0.0075
W 2 0 1 1 1 0 2 1 1 55 65 0.0125
W 2 0 1 1 1 0 2 1 1 60 70 0.0193
W 2 0 1 1 1 0 2 1 1 65 75 0.0267
W 2 0 1 1 1 0 2 1 1 70 80 0.0332
W 2 0 1 1 1 0 2 1 1 75 85 0.0379
W 2 0 1 1 1 0 2 1 1 50 70 0.0252
W 2 0 1 1 1 0 2 1 1 50 80 0.0498
W 2 0 1 1 1 0 2 1 1 55 75 0.0358
W 2 0 1 1 1 0 2 1 1 55 85 0.0594
W 2 0 1 1 1 0 2 1 1 60 80 0.0461
W 2 0 1 1 1 0 2 1 1 60 90 0.0640
W 2 0 1 1 1 0 2 1 1 65 85 0.0538
W 2 0 0 0 0 1 3 0 2 50 60 0.0075
W 2 0 0 0 0 1 3 0 2 55 65 0.0125
W 2 0 0 0 0 1 3 0 2 60 70 0.0190
W 2 0 0 0 0 1 3 0 2 65 75 0.0256
W 2 0 0 0 0 1 3 0 2 70 80 0.0309
W 2 0 0 0 0 1 3 0 2 75 85 0.0343
W 2 0 0 0 0 1 3 0 2 50 70 0.0250
W 2 0 0 0 0 1 3 0 2 50 80 0.0478
W 2 0 0 0 0 1 3 0 2 55 75 0.0348
W 2 0 0 0 0 1 3 0 2 55 85 0.0562
W 2 0 0 0 0 1 3 0 2 60 80 0.0439
W 2 0 0 0 0 1 3 0 2 60 90 0.0597
W 2 0 0 0 0 1 3 0 2 65 85 0.0501
W 2 2 2 0 1 0 0 0 0 50 60 0.0036
W 2 2 2 0 1 0 0 0 0 55 65 0.0059
W 2 2 2 0 1 0 0 0 0 60 70 0.0090
W 2 2 2 0 1 0 0 0 0 65 75 0.0122
W 2 2 2 0 1 0 0 0 0 70 80 0.0148
W 2 2 2 0 1 0 0 0 0 75 85 0.0165
W 2 2 2 0 1 0 0 0 0 50 70 0.0119
W 2 2 2 0 1 0 0 0 0 50 80 0.0230
W 2 2 2 0 1 0 0 0 0 55 75 0.0166
W 2 2 2 0 1 0 0 0 0 55 85 0.0271
W 2 2 2 0 1 0 0 0 0 60 80 0.0210
W 2 2 2 0 1 0 0 0 0 60 90 0.0289
W 2 2 2 0 1 0 0 0 0 65 85 0.0241
W 2 0 1 0 1 0 2 1 1 50 60 0.0057
W 2 0 1 0 1 0 2 1 1 55 65 0.0095
W 2 0 1 0 1 0 2 1 1 60 70 0.0145
W 2 0 1 0 1 0 2 1 1 65 75 0.0198
W 2 0 1 0 1 0 2 1 1 70 80 0.0244
W 2 0 1 0 1 0 2 1 1 75 85 0.0275
W 2 0 1 0 1 0 2 1 1 50 70 0.0191
W 2 0 1 0 1 0 2 1 1 50 80 0.0372
W 2 0 1 0 1 0 2 1 1 55 75 0.0269
W 2 0 1 0 1 0 2 1 1 55 85 0.0442
W 2 0 1 0 1 0 2 1 1 60 80 0.0342
W 2 0 1 0 1 0 2 1 1 60 90 0.0473
W 2 0 1 0 1 0 2 1 1 65 85 0.0396
W 2 0 0 0 1 1 1 1 2 50 60 0.0094
W 2 0 0 0 1 1 1 1 2 55 65 0.0158
W 2 0 0 0 1 1 1 1 2 60 70 0.0243
W 2 0 0 0 1 1 1 1 2 65 75 0.0333
W 2 0 0 0 1 1 1 1 2 70 80 0.0411
W 2 0 0 0 1 1 1 1 2 75 85 0.0464
W 2 0 0 0 1 1 1 1 2 50 70 0.0317
W 2 0 0 0 1 1 1 1 2 50 80 0.0618
W 2 0 0 0 1 1 1 1 2 55 75 0.0447
W 2 0 0 0 1 1 1 1 2 55 85 0.0733
W 2 0 0 0 1 1 1 1 2 60 80 0.0572
W 2 0 0 0 1 1 1 1 2 60 90 0.0786
W 2 0 0 0 1 1 1 1 2 65 85 0.0662
W 2 3 3 0 1 0 3 1 1 50 60 0.0065
W 2 3 3 0 1 0 3 1 1 55 65 0.0108
W 2 3 3 0 1 0 3 1 1 60 70 0.0165
W 2 3 3 0 1 0 3 1 1 65 75 0.0225
W 2 3 3 0 1 0 3 1 1 70 80 0.0276
W 2 3 3 0 1 0 3 1 1 75 85 0.0311
W 2 3 3 0 1 0 3 1 1 50 70 0.0218
W 2 3 3 0 1 0 3 1 1 50 80 0.0423
W 2 3 3 0 1 0 3 1 1 55 75 0.0305
W 2 3 3 0 1 0 3 1 1 55 85 0.0501
W 2 3 3 0 1 0 3 1 1 60 80 0.0388
W 2 3 3 0 1 0 3 1 1 60 90 0.0536
W 2 3 3 0 1 0 3 1 1 65 85 0.0449
W 2 2 2 0 0 0 0 0 0 50 60 0.0030
W 2 2 2 0 0 0 0 0 0 55 65 0.0051
W 2 2 2 0 0 0 0 0 0 60 70 0.0078
W 2 2 2 0 0 0 0 0 0 65 75 0.0107
W 2 2 2 0 0 0 0 0 0 70 80 0.0132
W 2 2 2 0 0 0 0 0 0 75 85 0.0149
W 2 2 2 0 0 0 0 0 0 50 70 0.0103
W 2 2 2 0 0 0 0 0 0 50 80 0.0202
W 2 2 2 0 0 0 0 0 0 55 75 0.0145
W 2 2 2 0 0 0 0 0 0 55 85 0.0240
W 2 2 2 0 0 0 0 0 0 60 80 0.0186
W 2 2 2 0 0 0 0 0 0 60 90 0.0258
W 2 2 2 0 0 0 0 0 0 65 85 0.0216
W 2 0 1 0 0 0 2 1 1 50 60 0.0050
W 2 0 1 0 0 0 2 1 1 55 65 0.0083
W 2 0 1 0 0 0 2 1 1 60 70 0.0128
W 2 0 1 0 0 0 2 1 1 65 75 0.0177
W 2 0 1 0 0 0 2 1 1 70 80 0.0221
W 2 0 1 0 0 0 2 1 1 75 85 0.0252
W 2 0 1 0 0 0 2 1 1 50 70 0.0168
W 2 0 1 0 0 0 2 1 1 50 80 0.0333
W 2 0 1 0 0 0 2 1 1 55 75 0.0239
W 2 0 1 0 0 0 2 1 1 55 85 0.0398
W 2 0 1 0 0 0 2 1 1 60 80 0.0307
W 2 0 1 0 0 0 2 1 1 60 90 0.0429
W 2 0 1 0 0 0 2 1 1 65 85 0.0359
W 2 0 0 0 0 1 1 1 2 50 60 0.0085
W 2 0 0 0 0 1 1 1 2 55 65 0.0143
W 2 0 0 0 0 1 1 1 2 60 70 0.0222
W 2 0 0 0 0 1 1 1 2 65 75 0.0308
W 2 0 0 0 0 1 1 1 2 70 80 0.0384
W 2 0 0 0 0 1 1 1 2 75 85 0.0436
W 2 0 0 0 0 1 1 1 2 50 70 0.0288
W 2 0 0 0 0 1 1 1 2 50 80 0.0571
W 2 0 0 0 0 1 1 1 2 55 75 0.0411
W 2 0 0 0 0 1 1 1 2 55 85 0.0681
W 2 0 0 0 0 1 1 1 2 60 80 0.0530
W 2 0 0 0 0 1 1 1 2 60 90 0.0734
W 2 0 0 0 0 1 1 1 2 65 85 0.0618
W 2 3 3 0 0 0 3 1 1 50 60 0.0056
W 2 3 3 0 0 0 3 1 1 55 65 0.0094
W 2 3 3 0 0 0 3 1 1 60 70 0.0145
W 2 3 3 0 0 0 3 1 1 65 75 0.0200
W 2 3 3 0 0 0 3 1 1 70 80 0.0249
W 2 3 3 0 0 0 3 1 1 75 85 0.0284
W 2 3 3 0 0 0 3 1 1 50 70 0.0189
W 2 3 3 0 0 0 3 1 1 50 80 0.0375
W 2 3 3 0 0 0 3 1 1 55 75 0.0269
W 2 3 3 0 0 0 3 1 1 55 85 0.0448
W 2 3 3 0 0 0 3 1 1 60 80 0.0346
W 2 3 3 0 0 0 3 1 1 60 90 0.0483
W 2 3 3 0 0 0 3 1 1 65 85 0.0405
