  1   19   91   13   25     0     0    99    2     1
  2   87   92   13   25     0     0    99    2     1
  3   25   23   13   25     0     0    99    2     1
  4   25   91   13   25     0     0    99    2     1
  5   20   27   20   20     1     2     0    0     1
  6   20   27   20   20     1     2     1    0     1
  7   20   27   20   20     1     2    99    0     1
  8   47   52   99   35     1     1     0    1     1
  9   47   52   99   35     1     1     1    1     1
 10   47   52   99   35     1     1    99    1     1
 11   20   27   22   22     0     0    99    0     1
 12   47   52   13   99     1     1     0    1     1
 13   47   52   13   99     1     1     1    1     1
 14   47   52   13   99     1     1    99    1     1
 15   43   58   13   50     0     0    99    0     1
 16   55   60   16    0     0     0    99    1     1
 17   55   60   16   99     1     1     0    0     1
 18   55   60   16   99     1     1     1    0     1
 19   55   60   16   99     1     1    99    0     1
 20   60   65   25   20     0     0    99    1     1
 21   40   45   10   25     1     0    99    1     1
 22   40   45   10   25     0     1    99    0     1
 23   40   45   10   25     0    99    99    0     1
 24   42   52   10   25    99     1    99    0     1
 25   40   45   10   25    99    99     0    0     1
 26   40   45   10   25    99    99     1    0     1
 27   40   45   10   25    99    99     2    0     1
 28   35   40   10   25     0     0     0    1     1
 29   35   40   10   25     0     0     1    1     1
 30   35   40   10   25     0     0    99    1     1
 31   55   60   10   25     0     0    99   99     0
 32   55   60   10   25     0     0    99   99     1
 33   55   60   10   25     0     0    99   99     2
 34   55   60   10   25     0     0    99   99     3
 35   55   60   10   25     0     0    99   99     4
 36   55   60   10   25     0     0    99   99     5
 37   47   52   10   25     0     0     0    0     1
 38   47   52   10   25     0     0     1    0     1
 39   47   52   10   25     0     0    99    0     1
 40   47   52   10   25     0     1     0    0     1
 41   47   52   10   25     0     1     1    0     1
 42   47   52   10   25     0     1    99    0     1
 43   47   52   10   25     0     3     0    0     1
 44   47   52   10   25     0     3     1    0     1
 45   47   52   10   25     0     3    99    0     1
 46   47   52   10   25     0    99     0    0     1
 47   47   52   10   25     0    99     1    0     1
 48   47   52   10   25     0    99    99    0     1
 49   47   52   10   25     1     0     0    0     1
 50   47   52   10   25     1     0     1    0     1
 51   47   52   10   25     1     0    99    0     1
 52   47   52   10   25     1     1     0    0     1
 53   47   52   10   25     1     1     1    0     1
 54   47   52   10   25     1     1    99    0     1
 55   47   52   10   25     1     3     0    0     1
 56   47   52   10   25     1     3     1    0     1
 57   47   52   10   25     1     3    99    0     1
 58   47   52   10   25     1    99     0    0     1
 59   47   52   10   25     1    99     1    0     1
 60   47   52   10   25     1    99    99    0     1
 61   47   52   10   25    99     0     0    0     1
 62   47   52   10   25    99     0     1    0     1
 63   47   52   10   25    99     0    99    0     1
 64   47   52   10   25    99     1     0    0     1
 65   47   52   10   25    99     1     1    0     1
 66   47   52   10   25    99     1    99    0     1
 67   47   52   10   25    99     3     0    0     1
 68   47   52   10   25    99     3     1    0     1
 69   47   52   10   25    99     3    99    0     1
 70   47   52   10   25    99    99     0    0     1
 71   47   52   10   25    99    99     1    0     1
 72   47   52   10   25    99    99    99    0     1
